-0.0331207 0.0165619 -0.999314
-0.0264294 -0.0264206 -0.999301
-0.0466407 -0.0310857 -0.998428
-0.0753685 -0.0565137 -0.995553
-0.106339 -0.035454 -0.993698
-0.0890488 -0.0712331 -0.993477
-0.102103 -0.0850901 -0.991128
-0.178882 -0.0536744 -0.982405
-0.227623 0.0189655 -0.973565
-0.273769 -0.109532 -0.955538
-0.299362 -0.0561305 -0.952487
-0.273058 -0.0728258 -0.959237
-0.275916 0.148571 -0.94963
-0.268546 -0.0191785 -0.963076
-0.2212 -0.0368654 -0.974531
-0.16877 -0.0187498 -0.985477
-0.150938 1.19734e-13 -0.988543
-0.109561 0.0182595 -0.993812
-0.0550456 4.36658e-14 -0.998484
7.21032e-15 0.0181788 -0.999835
0.0304981 0.045759 -0.998487
0.120082 -0.0514742 -0.991429
0.185184 0 -0.982704
0.226413 0 -0.974031
0.260969 0.0186373 -0.965167
0.288457 0 -0.957493
0.23633 -0.0545422 -0.970141

