-0.0310636 0.0466075 -0.99843
-0.0333616 0.0667173 -0.997214
-0.0167105 -0.033418 -0.999302
-6.72204e-14 -0.0565136 -0.998402
-0.0377358 2.99345e-14 -0.999288
-0.0133428 -0.0133383 -0.999822
-1.11718e-13 -0.0939239 -0.995579
-2.00979e-13 -0.168967 -0.985622
0.0186724 -0.224105 -0.974386
-0.0185102 -0.222159 -0.974835
-0.0360191 -0.216122 -0.975702
-0.091791 -0.201906 -0.975094
-2.85909e-13 -0.240369 -0.970681
-0.0180742 -0.198847 -0.979864
-1.95553e-13 -0.164406 -0.986393
-0.111485 -0.16727 -0.979588
0.0189418 -0.246286 -0.969012
0.0370328 -0.203683 -0.978336
0.0370462 -0.185226 -0.981997
0.0186905 -0.130844 -0.991227
0 0 -1
-2.26522e-14 -0.0190442 -0.999819
2.20014e-14 0.0554705 -0.99846
0.0373831 0 -0.999301
0.0132181 0.0132137 -0.999825
